0 [0.0, 1.0, 0.0]

1 [0.38268346, 0.9238795, 0.0]
2 [0.3535534, 0.9238795, 0.14644663]
3 [0.27059805, 0.9238795, 0.27059805]
4 [0.14644662, 0.9238795, 0.3535534]
5 [-1.6727626e-8, 0.9238795, 0.38268346]
6 [-0.14644665, 0.9238795, 0.3535534]
7 [-0.27059805, 0.9238795, 0.27059805]
8 [-0.35355344, 0.9238795, 0.14644656]
9 [-0.38268346, 0.9238795, -3.345525e-8]
10 [-0.3535534, 0.9238795, -0.14644662]
11 [-0.27059802, 0.9238795, -0.2705981]
12 [-0.1464465, 0.9238795, -0.35355347]
13 [4.5634545e-9, 0.9238795, -0.38268346]
14 [0.14644669, 0.9238795, -0.35355338]
15 [0.27059814, 0.9238795, -0.27059796]
16 [0.3535534, 0.9238795, -0.14644662]

17 [0.70710677, 0.70710677, 0.0]
18 [0.65328145, 0.70710677, 0.27059805]
19 [0.49999997, 0.70710677, 0.49999997]
20 [0.27059805, 0.70710677, 0.65328145]
21 [-3.090862e-8, 0.70710677, 0.70710677]
22 [-0.2705981, 0.70710677, 0.65328145]
23 [-0.49999997, 0.70710677, 0.49999997]
24 [-0.6532815, 0.70710677, 0.27059793]
25 [-0.70710677, 0.70710677, -6.181724e-8]
26 [-0.65328145, 0.70710677, -0.27059805]
27 [-0.4999999, 0.70710677, -0.50000006]
28 [-0.27059782, 0.70710677, -0.65328157]
29 [8.432163e-9, 0.70710677, -0.70710677]
30 [0.27059817, 0.70710677, -0.6532814]
31 [0.5000002, 0.70710677, -0.49999982]
32 [0.6532815, 0.70710677, -0.27059805]

33 [0.9238795, 0.38268343, 0.0]
34 [0.85355335, 0.38268343, 0.3535534]
35 [0.65328145, 0.38268343, 0.65328145]
36 [0.35355338, 0.38268343, 0.85355335]
37 [-4.0384055e-8, 0.38268343, 0.9238795]
38 [-0.35355344, 0.38268343, 0.85355335]
39 [-0.65328145, 0.38268343, 0.65328145]
40 [-0.8535535, 0.38268343, 0.35355324]
41 [-0.9238795, 0.38268343, -8.076811e-8]
42 [-0.85355335, 0.38268343, -0.35355338]
43 [-0.65328133, 0.38268343, -0.65328157]
44 [-0.3535531, 0.38268343, -0.8535535]
45 [1.10171525e-8, 0.38268343, -0.9238795]
46 [0.35355353, 0.38268343, -0.8535533]
47 [0.6532817, 0.38268343, -0.6532812]
48 [0.8535534, 0.38268343, -0.35355338]

49 [1.0, -4.371139e-8, 0.0]
50 [0.9238795, -4.371139e-8, 0.38268346]
51 [0.70710677, -4.371139e-8, 0.70710677]
52 [0.38268343, -4.371139e-8, 0.9238795]
53 [-4.371139e-8, -4.371139e-8, 1.0]
54 [-0.38268352, -4.371139e-8, 0.9238795]
55 [-0.70710677, -4.371139e-8, 0.70710677]
56 [-0.9238796, -4.371139e-8, 0.38268328]
57 [-1.0, -4.371139e-8, -8.742278e-8]
58 [-0.9238795, -4.371139e-8, -0.38268343]
59 [-0.70710665, -4.371139e-8, -0.7071069]
60 [-0.38268313, -4.371139e-8, -0.9238797]
61 [1.1924881e-8, -4.371139e-8, -1.0]
62 [0.3826836, -4.371139e-8, -0.92387944]
63 [0.707107, -4.371139e-8, -0.70710653]
64 [0.92387956, -4.371139e-8, -0.38268343]

65 [0.9238795, -0.38268352, 0.0]
66 [0.85355335, -0.38268352, 0.3535534]
67 [0.65328145, -0.38268352, 0.65328145]
68 [0.35355338, -0.38268352, 0.85355335]
69 [-4.0384055e-8, -0.38268352, 0.9238795]
70 [-0.35355344, -0.38268352, 0.85355335]
71 [-0.65328145, -0.38268352, 0.65328145]
72 [-0.8535535, -0.38268352, 0.35355324]
73 [-0.9238795, -0.38268352, -8.076811e-8]
74 [-0.85355335, -0.38268352, -0.35355338]
75 [-0.65328133, -0.38268352, -0.65328157]
76 [-0.3535531, -0.38268352, -0.8535535]
77 [1.10171525e-8, -0.38268352, -0.9238795]
78 [0.35355353, -0.38268352, -0.8535533]
79 [0.6532817, -0.38268352, -0.6532812]
80 [0.8535534, -0.38268352, -0.35355338]

81 [0.70710677, -0.70710677, 0.0]
82 [0.65328145, -0.70710677, 0.27059805]
83 [0.49999997, -0.70710677, 0.49999997]
84 [0.27059805, -0.70710677, 0.65328145]
85 [-3.090862e-8, -0.70710677, 0.70710677]
86 [-0.2705981, -0.70710677, 0.65328145]
87 [-0.49999997, -0.70710677, 0.49999997]
88 [-0.6532815, -0.70710677, 0.27059793]
89 [-0.70710677, -0.70710677, -6.181724e-8]
90 [-0.65328145, -0.70710677, -0.27059805]
91 [-0.4999999, -0.70710677, -0.50000006]
92 [-0.27059782, -0.70710677, -0.65328157]
93 [8.432163e-9, -0.70710677, -0.70710677]
94 [0.27059817, -0.70710677, -0.6532814]
95 [0.5000002, -0.70710677, -0.49999982]
96 [0.6532815, -0.70710677, -0.27059805]

97 [0.38268328, -0.9238796, 0.0]
98 [0.35355324, -0.9238796, 0.14644656]
99 [0.27059793, -0.9238796, 0.27059793]
100 [0.14644654, -0.9238796, 0.35355324]
101 [-1.6727617e-8, -0.9238796, 0.38268328]
102 [-0.14644659, -0.9238796, 0.35355324]
103 [-0.27059793, -0.9238796, 0.27059793]
104 [-0.3535533, -0.9238796, 0.1464465]
105 [-0.38268328, -0.9238796, -3.3455233e-8]
106 [-0.35355324, -0.9238796, -0.14644654]
107 [-0.2705979, -0.9238796, -0.270598]
108 [-0.14644644, -0.9238796, -0.3535533]
109 [4.5634523e-9, -0.9238796, -0.38268328]
110 [0.14644662, -0.9238796, -0.3535532]
111 [0.27059802, -0.9238796, -0.27059785]
112 [0.35355327, -0.9238796, -0.14644654]

113 [0.0, -1.0, 0.0]


0 2 1
0 3 2
0 4 3
0 5 4
0 6 5
0 7 6
0 8 7
0 9 8
0 10 9
0 11 10
0 12 11
0 13 12
0 14 13
0 15 14
0 16 15
0 1 16

1 18 17
1 2 18
2 19 18
2 3 19
3 20 19
3 4 20
4 21 20
4 5 21
5 22 21
5 6 22
6 23 22
6 7 23
7 24 23
7 8 24
8 25 24
8 9 25

9 26 25
9 10 26
10 27 26
10 11 27
11 28 27
11 12 28
12 29 28
12 13 29
13 30 29
13 14 30
14 31 30
14 15 31
15 32 31
15 16 32
16 17 32
16 1 17

17 34 33
17 18 34
18 35 34
18 19 35
19 36 35
19 20 36
20 37 36
20 21 37
21 38 37
21 22 38
22 39 38
22 23 39
23 40 39
23 24 40
24 41 40
24 25 41

25 42 41
25 26 42
26 43 42
26 27 43
27 44 43
27 28 44
28 45 44
28 29 45
29 46 45
29 30 46
30 47 46
30 31 47
31 48 47
31 32 48
32 33 48
32 17 33

33 50 49
33 34 50
34 51 50
34 35 51
35 52 51
35 36 52
36 53 52
36 37 53
37 54 53
37 38 54
38 55 54
38 39 55
39 56 55
39 40 56
40 57 56
40 41 57

41 58 57
41 42 58
42 59 58
42 43 59
43 60 59
43 44 60
44 61 60
44 45 61
45 62 61
45 46 62
46 63 62
46 47 63
47 64 63
47 48 64
48 49 64
48 33 49

49 66 65
49 50 66
50 67 66
50 51 67
51 68 67
51 52 68
52 69 68
52 53 69
53 70 69
53 54 70
54 71 70
54 55 71
55 72 71
55 56 72
56 73 72
56 57 73

57 74 73
57 58 74
58 75 74
58 59 75
59 76 75
59 60 76
60 77 76
60 61 77
61 78 77
61 62 78
62 79 78
62 63 79
63 80 79
63 64 80
64 65 80
64 49 65

65 82 81
65 66 82
66 83 82
66 67 83
67 84 83
67 68 84
68 85 84
68 69 85
69 86 85
69 70 86
70 87 86
70 71 87
71 88 87
71 72 88
72 89 88
72 73 89

73 90 89
73 74 90
74 91 90
74 75 91
75 92 91
75 76 92
76 93 92
76 77 93
77 94 93
77 78 94
78 95 94
78 79 95
79 96 95
79 80 96
80 81 96
80 65 81

81 98 97
81 82 98
82 99 98
82 83 99
83 100 99
83 84 100
84 101 100
84 85 101
85 102 101
85 86 102
86 103 102
86 87 103
87 104 103
87 88 104
88 105 104
88 89 105

89 106 105
89 90 106
90 107 106
90 91 107
91 108 107
91 92 108
92 109 108
92 93 109
93 110 109
93 94 110
94 111 110
94 95 111
95 112 111
95 96 112
96 97 112
96 81 97

97 98 113
98 99 113
99 100 113
100 101 113
101 102 113
102 103 113
103 104 113
104 105 113
105 106 113
106 107 113
107 108 113
108 109 113
109 110 113
110 111 113
111 112 113
112 97 113
